[(0, 108), (1, 210)]
[(0, 103), (1, 200)]
[(0, 58), (1, 108)]
[(0, 108), (1, 210)]
[(0, 103), (1, 200)]
[(0, 101), (1, 224)]
[(0, 57), (1, 108)]
[(0, 52), (1, 109)]
[(0, 100), (1, 154)]
[(0, 45), (1, 101)]
[(0, 48), (1, 148)]
[(0, 52), (1, 154)]
[(0, 52), (1, 97)]
[(0, 98), (1, 200)]
[(0, 45), (1, 94)]
[(0, 102), (1, 158)]
[(0, 53), (1, 103)]
[(0, 100), (1, 145)]
[(0, 56), (1, 108)]
[(0, 50), (1, 102)]
[(0, 54), (1, 110)]
[(0, 53), (1, 104)]
[(0, 97), (1, 199)]
[(0, 125), (1, 180)]
[(0, 10), (1, 127)]
[(0, 115), (1, 216)]
[(0, 114), (1, 161)]
[(0, 112), (1, 209)]
[(0, 115), (1, 230)]
[(0, 58), (1, 112)]
[(0, 56), (1, 112)]
[(0, 57), (1, 112)]
[(0, 55), (1, 119)]
[(0, 113), (1, 226)]
[(0, 46), (1, 145)]
[(0, 111), (1, 220)]
[(0, 47), (1, 144)]
[(0, 97), (1, 146)]
[(0, 49), (1, 98)]
[(0, 49), (1, 98)]